{
 "cells": [
  {
   "cell_type": "code",
   "execution_count": 1,
   "id": "cc94bd8f",
   "metadata": {},
   "outputs": [
    {
     "name": "stdout",
     "output_type": "stream",
     "text": [
      "Note: you may need to restart the kernel to use updated packages.\n"
     ]
    },
    {
     "name": "stderr",
     "output_type": "stream",
     "text": [
      "ERROR: unknown command \"update\"\n",
      "\n"
     ]
    }
   ],
   "source": [
    "pip update pandas"
   ]
  },
  {
   "cell_type": "code",
   "execution_count": 2,
   "id": "1e211a84",
   "metadata": {},
   "outputs": [],
   "source": [
    "import pandas as pd\n",
    "import numpy as np"
   ]
  },
  {
   "cell_type": "code",
   "execution_count": 3,
   "id": "a20cc3c5",
   "metadata": {},
   "outputs": [
    {
     "data": {
      "text/plain": [
       "0      1.0\n",
       "1      2.0\n",
       "2      3.0\n",
       "3      4.0\n",
       "4      5.0\n",
       "5      NaN\n",
       "6      6.0\n",
       "7      7.0\n",
       "8      8.0\n",
       "9      9.0\n",
       "10    10.0\n",
       "dtype: float64"
      ]
     },
     "execution_count": 3,
     "metadata": {},
     "output_type": "execute_result"
    }
   ],
   "source": [
    "s = pd.Series([1,2,3,4,5,np.nan,6,7,8,9,10])\n",
    "s"
   ]
  },
  {
   "cell_type": "code",
   "execution_count": 4,
   "id": "fe24a1ed",
   "metadata": {},
   "outputs": [
    {
     "data": {
      "text/plain": [
       "DatetimeIndex(['2022-03-01', '2022-03-02', '2022-03-03', '2022-03-04',\n",
       "               '2022-03-05', '2022-03-06', '2022-03-07', '2022-03-08',\n",
       "               '2022-03-09', '2022-03-10'],\n",
       "              dtype='datetime64[ns]', freq='D')"
      ]
     },
     "execution_count": 4,
     "metadata": {},
     "output_type": "execute_result"
    }
   ],
   "source": [
    "d = pd.date_range(\"20220301\",periods=10)\n",
    "d"
   ]
  },
  {
   "cell_type": "code",
   "execution_count": 5,
   "id": "0d18369f",
   "metadata": {},
   "outputs": [
    {
     "data": {
      "text/html": [
       "<div>\n",
       "<style scoped>\n",
       "    .dataframe tbody tr th:only-of-type {\n",
       "        vertical-align: middle;\n",
       "    }\n",
       "\n",
       "    .dataframe tbody tr th {\n",
       "        vertical-align: top;\n",
       "    }\n",
       "\n",
       "    .dataframe thead th {\n",
       "        text-align: right;\n",
       "    }\n",
       "</style>\n",
       "<table border=\"1\" class=\"dataframe\">\n",
       "  <thead>\n",
       "    <tr style=\"text-align: right;\">\n",
       "      <th></th>\n",
       "      <th>A</th>\n",
       "      <th>B</th>\n",
       "      <th>C</th>\n",
       "      <th>D</th>\n",
       "    </tr>\n",
       "  </thead>\n",
       "  <tbody>\n",
       "    <tr>\n",
       "      <th>2022-03-01</th>\n",
       "      <td>0.464820</td>\n",
       "      <td>-0.067820</td>\n",
       "      <td>0.829495</td>\n",
       "      <td>0.449549</td>\n",
       "    </tr>\n",
       "    <tr>\n",
       "      <th>2022-03-02</th>\n",
       "      <td>-1.098229</td>\n",
       "      <td>1.026970</td>\n",
       "      <td>0.372932</td>\n",
       "      <td>-0.632074</td>\n",
       "    </tr>\n",
       "    <tr>\n",
       "      <th>2022-03-03</th>\n",
       "      <td>0.338312</td>\n",
       "      <td>0.737167</td>\n",
       "      <td>0.888550</td>\n",
       "      <td>1.262770</td>\n",
       "    </tr>\n",
       "    <tr>\n",
       "      <th>2022-03-04</th>\n",
       "      <td>-0.638424</td>\n",
       "      <td>0.435541</td>\n",
       "      <td>1.003277</td>\n",
       "      <td>1.553731</td>\n",
       "    </tr>\n",
       "    <tr>\n",
       "      <th>2022-03-05</th>\n",
       "      <td>-1.231250</td>\n",
       "      <td>-0.005739</td>\n",
       "      <td>-0.649023</td>\n",
       "      <td>0.241301</td>\n",
       "    </tr>\n",
       "    <tr>\n",
       "      <th>2022-03-06</th>\n",
       "      <td>-0.253607</td>\n",
       "      <td>0.212775</td>\n",
       "      <td>0.216916</td>\n",
       "      <td>1.035279</td>\n",
       "    </tr>\n",
       "    <tr>\n",
       "      <th>2022-03-07</th>\n",
       "      <td>-1.502333</td>\n",
       "      <td>-2.046058</td>\n",
       "      <td>-0.742797</td>\n",
       "      <td>0.334788</td>\n",
       "    </tr>\n",
       "    <tr>\n",
       "      <th>2022-03-08</th>\n",
       "      <td>-0.806591</td>\n",
       "      <td>0.520452</td>\n",
       "      <td>0.380390</td>\n",
       "      <td>0.297195</td>\n",
       "    </tr>\n",
       "    <tr>\n",
       "      <th>2022-03-09</th>\n",
       "      <td>-1.066122</td>\n",
       "      <td>0.909100</td>\n",
       "      <td>-1.560687</td>\n",
       "      <td>0.694558</td>\n",
       "    </tr>\n",
       "    <tr>\n",
       "      <th>2022-03-10</th>\n",
       "      <td>0.163346</td>\n",
       "      <td>-0.324116</td>\n",
       "      <td>-0.130620</td>\n",
       "      <td>1.523967</td>\n",
       "    </tr>\n",
       "  </tbody>\n",
       "</table>\n",
       "</div>"
      ],
      "text/plain": [
       "                   A         B         C         D\n",
       "2022-03-01  0.464820 -0.067820  0.829495  0.449549\n",
       "2022-03-02 -1.098229  1.026970  0.372932 -0.632074\n",
       "2022-03-03  0.338312  0.737167  0.888550  1.262770\n",
       "2022-03-04 -0.638424  0.435541  1.003277  1.553731\n",
       "2022-03-05 -1.231250 -0.005739 -0.649023  0.241301\n",
       "2022-03-06 -0.253607  0.212775  0.216916  1.035279\n",
       "2022-03-07 -1.502333 -2.046058 -0.742797  0.334788\n",
       "2022-03-08 -0.806591  0.520452  0.380390  0.297195\n",
       "2022-03-09 -1.066122  0.909100 -1.560687  0.694558\n",
       "2022-03-10  0.163346 -0.324116 -0.130620  1.523967"
      ]
     },
     "execution_count": 5,
     "metadata": {},
     "output_type": "execute_result"
    }
   ],
   "source": [
    "df_sample = pd.DataFrame(np.random.randn(10,4),index = d, columns = [\"A\",\"B\",\"C\",\"D\"])\n",
    "df_sample"
   ]
  },
  {
   "cell_type": "code",
   "execution_count": 6,
   "id": "56ce2a48",
   "metadata": {},
   "outputs": [
    {
     "data": {
      "text/html": [
       "<div>\n",
       "<style scoped>\n",
       "    .dataframe tbody tr th:only-of-type {\n",
       "        vertical-align: middle;\n",
       "    }\n",
       "\n",
       "    .dataframe tbody tr th {\n",
       "        vertical-align: top;\n",
       "    }\n",
       "\n",
       "    .dataframe thead th {\n",
       "        text-align: right;\n",
       "    }\n",
       "</style>\n",
       "<table border=\"1\" class=\"dataframe\">\n",
       "  <thead>\n",
       "    <tr style=\"text-align: right;\">\n",
       "      <th></th>\n",
       "      <th>name</th>\n",
       "      <th>marks</th>\n",
       "      <th>city</th>\n",
       "    </tr>\n",
       "  </thead>\n",
       "  <tbody>\n",
       "    <tr>\n",
       "      <th>0</th>\n",
       "      <td>Hetvi</td>\n",
       "      <td>99</td>\n",
       "      <td>Newyork</td>\n",
       "    </tr>\n",
       "    <tr>\n",
       "      <th>1</th>\n",
       "      <td>Rajvi</td>\n",
       "      <td>99</td>\n",
       "      <td>Toronto</td>\n",
       "    </tr>\n",
       "    <tr>\n",
       "      <th>2</th>\n",
       "      <td>Misha</td>\n",
       "      <td>90</td>\n",
       "      <td>Waterloo</td>\n",
       "    </tr>\n",
       "    <tr>\n",
       "      <th>3</th>\n",
       "      <td>Reva</td>\n",
       "      <td>91</td>\n",
       "      <td>Calgary</td>\n",
       "    </tr>\n",
       "  </tbody>\n",
       "</table>\n",
       "</div>"
      ],
      "text/plain": [
       "    name  marks      city\n",
       "0  Hetvi     99   Newyork\n",
       "1  Rajvi     99   Toronto\n",
       "2  Misha     90  Waterloo\n",
       "3   Reva     91   Calgary"
      ]
     },
     "execution_count": 6,
     "metadata": {},
     "output_type": "execute_result"
    }
   ],
   "source": [
    "dict1 = {\n",
    "    \"name\" : [\"Hetvi\",\"Rajvi\",\"Misha\",\"Reva\"],\n",
    "    \"marks\":[99,99,90,91],\n",
    "    \"city\" : [\"Newyork\",\"Toronto\",\"Waterloo\",\"Calgary\"]\n",
    "}\n",
    "df = pd.DataFrame(dict1)\n",
    "df"
   ]
  },
  {
   "cell_type": "code",
   "execution_count": 7,
   "id": "57f38b7f",
   "metadata": {},
   "outputs": [
    {
     "data": {
      "text/plain": [
       "name     object\n",
       "marks     int64\n",
       "city     object\n",
       "dtype: object"
      ]
     },
     "execution_count": 7,
     "metadata": {},
     "output_type": "execute_result"
    }
   ],
   "source": [
    "df.dtypes"
   ]
  },
  {
   "cell_type": "code",
   "execution_count": 8,
   "id": "9e55bc77",
   "metadata": {},
   "outputs": [
    {
     "data": {
      "text/plain": [
       "Index(['name', 'marks', 'city'], dtype='object')"
      ]
     },
     "execution_count": 8,
     "metadata": {},
     "output_type": "execute_result"
    }
   ],
   "source": [
    "df.columns"
   ]
  },
  {
   "cell_type": "code",
   "execution_count": 9,
   "id": "de2eef96",
   "metadata": {},
   "outputs": [
    {
     "data": {
      "text/plain": [
       "RangeIndex(start=0, stop=4, step=1)"
      ]
     },
     "execution_count": 9,
     "metadata": {},
     "output_type": "execute_result"
    }
   ],
   "source": [
    "df.index"
   ]
  },
  {
   "cell_type": "code",
   "execution_count": 10,
   "id": "5c12f866",
   "metadata": {},
   "outputs": [
    {
     "data": {
      "text/plain": [
       "array([['Hetvi', 99, 'Newyork'],\n",
       "       ['Rajvi', 99, 'Toronto'],\n",
       "       ['Misha', 90, 'Waterloo'],\n",
       "       ['Reva', 91, 'Calgary']], dtype=object)"
      ]
     },
     "execution_count": 10,
     "metadata": {},
     "output_type": "execute_result"
    }
   ],
   "source": [
    "df.to_numpy()"
   ]
  },
  {
   "cell_type": "code",
   "execution_count": 11,
   "id": "2108f8ed",
   "metadata": {},
   "outputs": [
    {
     "data": {
      "text/html": [
       "<div>\n",
       "<style scoped>\n",
       "    .dataframe tbody tr th:only-of-type {\n",
       "        vertical-align: middle;\n",
       "    }\n",
       "\n",
       "    .dataframe tbody tr th {\n",
       "        vertical-align: top;\n",
       "    }\n",
       "\n",
       "    .dataframe thead th {\n",
       "        text-align: right;\n",
       "    }\n",
       "</style>\n",
       "<table border=\"1\" class=\"dataframe\">\n",
       "  <thead>\n",
       "    <tr style=\"text-align: right;\">\n",
       "      <th></th>\n",
       "      <th>marks</th>\n",
       "    </tr>\n",
       "  </thead>\n",
       "  <tbody>\n",
       "    <tr>\n",
       "      <th>count</th>\n",
       "      <td>4.000000</td>\n",
       "    </tr>\n",
       "    <tr>\n",
       "      <th>mean</th>\n",
       "      <td>94.750000</td>\n",
       "    </tr>\n",
       "    <tr>\n",
       "      <th>std</th>\n",
       "      <td>4.924429</td>\n",
       "    </tr>\n",
       "    <tr>\n",
       "      <th>min</th>\n",
       "      <td>90.000000</td>\n",
       "    </tr>\n",
       "    <tr>\n",
       "      <th>25%</th>\n",
       "      <td>90.750000</td>\n",
       "    </tr>\n",
       "    <tr>\n",
       "      <th>50%</th>\n",
       "      <td>95.000000</td>\n",
       "    </tr>\n",
       "    <tr>\n",
       "      <th>75%</th>\n",
       "      <td>99.000000</td>\n",
       "    </tr>\n",
       "    <tr>\n",
       "      <th>max</th>\n",
       "      <td>99.000000</td>\n",
       "    </tr>\n",
       "  </tbody>\n",
       "</table>\n",
       "</div>"
      ],
      "text/plain": [
       "           marks\n",
       "count   4.000000\n",
       "mean   94.750000\n",
       "std     4.924429\n",
       "min    90.000000\n",
       "25%    90.750000\n",
       "50%    95.000000\n",
       "75%    99.000000\n",
       "max    99.000000"
      ]
     },
     "execution_count": 11,
     "metadata": {},
     "output_type": "execute_result"
    }
   ],
   "source": [
    "df.describe()"
   ]
  },
  {
   "cell_type": "code",
   "execution_count": 12,
   "id": "52512677",
   "metadata": {},
   "outputs": [
    {
     "name": "stdout",
     "output_type": "stream",
     "text": [
      "       city  marks   name\n",
      "0   Newyork     99  Hetvi\n",
      "1   Toronto     99  Rajvi\n",
      "2  Waterloo     90  Misha\n",
      "3   Calgary     91   Reva\n",
      "\n",
      "\n",
      "    name  marks      city\n",
      "3   Reva     91   Calgary\n",
      "2  Misha     90  Waterloo\n",
      "1  Rajvi     99   Toronto\n",
      "0  Hetvi     99   Newyork\n",
      "\n",
      "\n",
      "    name  marks      city\n",
      "0  Hetvi     99   Newyork\n",
      "1  Rajvi     99   Toronto\n",
      "3   Reva     91   Calgary\n",
      "2  Misha     90  Waterloo\n"
     ]
    }
   ],
   "source": [
    "print(df.sort_index(axis=1,ascending=True))\n",
    "print(\"\\n\")\n",
    "print(df.sort_index(axis=0,ascending=False))\n",
    "print(\"\\n\")\n",
    "print(df.sort_values('marks',ascending=False))             ### Mimportant !!!"
   ]
  },
  {
   "cell_type": "code",
   "execution_count": 13,
   "id": "95754bac",
   "metadata": {},
   "outputs": [
    {
     "name": "stdout",
     "output_type": "stream",
     "text": [
      "<class 'pandas.core.frame.DataFrame'>\n",
      "\n",
      "\n",
      "          0         1         2         3         4\n",
      "0  0.009957  0.264950  0.553606  0.909623  0.139856\n",
      "1  0.922018  0.727851  0.510618  0.914093  0.965764\n",
      "2  0.460216  0.134341  0.657180  0.323804  0.486373\n",
      "3  0.158147  0.470671  0.097233  0.841984  0.488667\n",
      "4  0.805449  0.611760  0.133569  0.602085  0.378060\n",
      "\n",
      "\n",
      "               0          1          2          3          4\n",
      "count  30.000000  30.000000  30.000000  30.000000  30.000000\n",
      "mean    0.552976   0.512427   0.495407   0.515475   0.555663\n",
      "std     0.281697   0.247137   0.316140   0.336909   0.320548\n",
      "min     0.002789   0.092574   0.007856   0.009524   0.062944\n",
      "25%     0.382008   0.289852   0.178328   0.176543   0.261303\n",
      "50%     0.605622   0.553408   0.493830   0.562484   0.514407\n",
      "75%     0.797940   0.727397   0.700629   0.829431   0.851737\n",
      "max     0.922018   0.959428   0.976949   0.986134   0.999337\n",
      "\n",
      "\n",
      "0    float64\n",
      "1    float64\n",
      "2    float64\n",
      "3    float64\n",
      "4    float64\n",
      "dtype: object\n",
      "\n",
      "\n",
      "          0         1         2         3         4\n",
      "0  0.009957  0.264950  0.553606  0.909623  0.139856\n",
      "1  0.922018  0.727851  0.510618  0.914093  0.965764\n",
      "2  0.460216  0.134341  0.657180  0.323804  0.486373\n",
      "3  0.158147  0.470671  0.097233  0.841984  0.488667\n",
      "4  0.805449  0.611760  0.133569  0.602085  0.378060\n",
      "\n",
      "\n",
      "          0         1         2         3         4\n",
      "0     hetvi  0.264950  0.553606  0.909623  0.139856\n",
      "1  0.922018  0.727851  0.510618  0.914093  0.965764\n",
      "2  0.460216  0.134341  0.657180  0.323804  0.486373\n",
      "3  0.158147  0.470671  0.097233  0.841984  0.488667\n",
      "4  0.805449  0.611760  0.133569  0.602085  0.378060\n",
      "\n",
      "\n",
      "0     object\n",
      "1    float64\n",
      "2    float64\n",
      "3    float64\n",
      "4    float64\n",
      "dtype: object\n",
      "\n",
      "\n",
      "Int64Index([ 0,  1,  2,  3,  4,  5,  6,  7,  8,  9, 10, 11, 12, 13, 14, 15, 16,\n",
      "            17, 18, 19, 20, 21, 22, 23, 24, 25, 26, 27, 28, 29],\n",
      "           dtype='int64')\n",
      "\n",
      "\n",
      "RangeIndex(start=0, stop=5, step=1)\n",
      "\n",
      "\n",
      "[['hetvi' 0.2649500812192227 0.5536055181670427 0.9096233248091221\n",
      "  0.13985599609323907]\n",
      " [0.9220175324161172 0.727850565276834 0.5106175581818878\n",
      "  0.9140934024330658 0.9657644997689597]\n",
      " [0.4602159487492222 0.1343412151388751 0.6571799041645365\n",
      "  0.3238042775274548 0.4863730478970125]\n",
      " [0.15814696698455655 0.4706712853232191 0.09723342959711134\n",
      "  0.8419844900290802 0.4886670764169818]\n",
      " [0.8054486995404222 0.611759748790463 0.13356910774279962\n",
      "  0.6020849323584149 0.3780600677437883]\n",
      " [0.41159676166392467 0.26902066701650684 0.9531196045020066\n",
      "  0.8327903991258504 0.07118348611370318]\n",
      " [0.49263099523666243 0.626381352650055 0.2789008605300688\n",
      "  0.8193539906448257 0.5509703513470128]\n",
      " [0.7754125107842065 0.7583289846134095 0.029877364403020135\n",
      "  0.00952435205223967 0.41332492460720416]\n",
      " [0.9122228734416915 0.3180949769655529 0.642088028565508\n",
      "  0.21861464216970428 0.06294388362360304]\n",
      " [0.9149714844666157 0.789281775508017 0.14547636761827865\n",
      "  0.8487218648138557 0.41717524294481567]\n",
      " [0.5067902856655232 0.0925739259792625 0.4671367168919507\n",
      "  0.5200647727081161 0.8935317351912584]\n",
      " [0.8287665970778619 0.5849014071229587 0.9351237659055694\n",
      "  0.09876747484220894 0.12387912465115669]\n",
      " [0.8101556905955771 0.5823056347061971 0.9769491155377789\n",
      "  0.6168892682410007 0.9683000091908912]\n",
      " [0.5958418891370507 0.2804374872775962 0.27688188737999\n",
      "  0.9380242450549944 0.5048774519951162]\n",
      " [0.6154025267972373 0.3891935548252935 0.6828335742370254\n",
      "  0.5326499676008072 0.7921775154867718]\n",
      " [0.8958817319411179 0.23025744725490527 0.6676519543689715\n",
      "  0.16251960519953623 0.2223844093922459]\n",
      " [0.6554104221665644 0.8548762338892848 0.8494081141575659\n",
      "  0.4710220729234291 0.9979751341292914]\n",
      " [0.09286305889760382 0.9594281770478859 0.46121372101517677\n",
      "  0.08650744531601606 0.7570649381175311]\n",
      " [0.372144575947411 0.36970645971018157 0.4521889339904148\n",
      "  0.06268153951897226 0.12904593749086934]\n",
      " [0.5567366935148897 0.2402864099497547 0.06569310152943608\n",
      "  0.9861337431660463 0.9993372558130182]\n",
      " [0.13393649507513294 0.8470072271832083 0.7065614498495911\n",
      "  0.7805154221886242 0.8418812791673304]\n",
      " [0.7258386816991628 0.3331071226899095 0.5479219540737175\n",
      "  0.09465744368289031 0.9237536378991188]\n",
      " [0.8303494216826668 0.17126036744085726 0.9461878282731312\n",
      "  0.020232926695488485 0.10103678551858697]\n",
      " [0.23538107253059848 0.37644049502922927 0.007855975283702521\n",
      "  0.9038694264981447 0.5044964184889227]\n",
      " [0.7234547465478676 0.8355721771030227 0.47704169082848424\n",
      "  0.7985170091973186 0.8550217401683909]\n",
      " [0.6236310856339893 0.671836135312886 0.046268201291782884\n",
      "  0.5923184632151615 0.6641937985796519]\n",
      " [0.6669473494939042 0.5764379961733561 0.10981870948876249\n",
      "  0.3092771189929553 0.8153327745756643]\n",
      " [0.5308332964297737 0.7500838405382169 0.462225914534075\n",
      "  0.31301130962395796 0.20082405183838348]\n",
      " [0.3235040897812894 0.5303772685344859 0.9019548995048325\n",
      "  0.7817216722456065 0.523937256537734]\n",
      " [0.0027888003955287566 0.7260348167988986 0.8196187412588588\n",
      "  0.07426744647885031 0.8765307599690482]]\n",
      "\n",
      "\n",
      "           0         1         2         3         4\n",
      "0         19  0.264950  0.553606  0.909623  0.139856\n",
      "1   0.922018  0.727851  0.510618  0.914093  0.965764\n",
      "2   0.460216  0.134341  0.657180  0.323804  0.486373\n",
      "3   0.158147  0.470671  0.097233  0.841984  0.488667\n",
      "4   0.805449  0.611760  0.133569  0.602085  0.378060\n",
      "5   0.411597  0.269021  0.953120  0.832790  0.071183\n",
      "6   0.492631  0.626381  0.278901  0.819354  0.550970\n",
      "7   0.775413  0.758329  0.029877  0.009524  0.413325\n",
      "8   0.912223  0.318095  0.642088  0.218615  0.062944\n",
      "9   0.914971  0.789282  0.145476  0.848722  0.417175\n",
      "10   0.50679  0.092574  0.467137  0.520065  0.893532\n",
      "11  0.828767  0.584901  0.935124  0.098767  0.123879\n",
      "12  0.810156  0.582306  0.976949  0.616889  0.968300\n",
      "13  0.595842  0.280437  0.276882  0.938024  0.504877\n",
      "14  0.615403  0.389194  0.682834  0.532650  0.792178\n",
      "15  0.895882  0.230257  0.667652  0.162520  0.222384\n",
      "16   0.65541  0.854876  0.849408  0.471022  0.997975\n",
      "17  0.092863  0.959428  0.461214  0.086507  0.757065\n",
      "18  0.372145  0.369706  0.452189  0.062682  0.129046\n",
      "19  0.556737  0.240286  0.065693  0.986134  0.999337\n",
      "20  0.133936  0.847007  0.706561  0.780515  0.841881\n",
      "21  0.725839  0.333107  0.547922  0.094657  0.923754\n",
      "22  0.830349  0.171260  0.946188  0.020233  0.101037\n",
      "23  0.235381  0.376440  0.007856  0.903869  0.504496\n",
      "24  0.723455  0.835572  0.477042  0.798517  0.855022\n",
      "25  0.623631  0.671836  0.046268  0.592318  0.664194\n",
      "26  0.666947  0.576438  0.109819  0.309277  0.815333\n",
      "27  0.530833  0.750084  0.462226  0.313011  0.200824\n",
      "28  0.323504  0.530377  0.901955  0.781722  0.523937\n",
      "29  0.002789  0.726035  0.819619  0.074267  0.876531\n",
      "\n",
      "\n",
      "         0         1         2         3         4         5         6   \\\n",
      "0        19  0.922018  0.460216  0.158147  0.805449  0.411597  0.492631   \n",
      "1   0.26495  0.727851  0.134341  0.470671   0.61176  0.269021  0.626381   \n",
      "2  0.553606  0.510618   0.65718  0.097233  0.133569   0.95312  0.278901   \n",
      "3  0.909623  0.914093  0.323804  0.841984  0.602085   0.83279  0.819354   \n",
      "4  0.139856  0.965764  0.486373  0.488667   0.37806  0.071183   0.55097   \n",
      "\n",
      "         7         8         9   ...        20        21        22        23  \\\n",
      "0  0.775413  0.912223  0.914971  ...  0.133936  0.725839  0.830349  0.235381   \n",
      "1  0.758329  0.318095  0.789282  ...  0.847007  0.333107   0.17126   0.37644   \n",
      "2  0.029877  0.642088  0.145476  ...  0.706561  0.547922  0.946188  0.007856   \n",
      "3  0.009524  0.218615  0.848722  ...  0.780515  0.094657  0.020233  0.903869   \n",
      "4  0.413325  0.062944  0.417175  ...  0.841881  0.923754  0.101037  0.504496   \n",
      "\n",
      "         24        25        26        27        28        29  \n",
      "0  0.723455  0.623631  0.666947  0.530833  0.323504  0.002789  \n",
      "1  0.835572  0.671836  0.576438  0.750084  0.530377  0.726035  \n",
      "2  0.477042  0.046268  0.109819  0.462226  0.901955  0.819619  \n",
      "3  0.798517  0.592318  0.309277  0.313011  0.781722  0.074267  \n",
      "4  0.855022  0.664194  0.815333  0.200824  0.523937  0.876531  \n",
      "\n",
      "[5 rows x 30 columns]\n",
      "           0         1         2         3         4\n",
      "29  0.002789  0.726035  0.819619  0.074267  0.876531\n",
      "28  0.323504  0.530377  0.901955  0.781722  0.523937\n",
      "27  0.530833  0.750084  0.462226  0.313011  0.200824\n",
      "26  0.666947  0.576438  0.109819  0.309277  0.815333\n",
      "25  0.623631  0.671836  0.046268  0.592318  0.664194\n",
      "24  0.723455  0.835572  0.477042  0.798517  0.855022\n",
      "23  0.235381  0.376440  0.007856  0.903869  0.504496\n",
      "22  0.830349  0.171260  0.946188  0.020233  0.101037\n",
      "21  0.725839  0.333107  0.547922  0.094657  0.923754\n",
      "20  0.133936  0.847007  0.706561  0.780515  0.841881\n",
      "19  0.556737  0.240286  0.065693  0.986134  0.999337\n",
      "18  0.372145  0.369706  0.452189  0.062682  0.129046\n",
      "17  0.092863  0.959428  0.461214  0.086507  0.757065\n",
      "16   0.65541  0.854876  0.849408  0.471022  0.997975\n",
      "15  0.895882  0.230257  0.667652  0.162520  0.222384\n",
      "14  0.615403  0.389194  0.682834  0.532650  0.792178\n",
      "13  0.595842  0.280437  0.276882  0.938024  0.504877\n",
      "12  0.810156  0.582306  0.976949  0.616889  0.968300\n",
      "11  0.828767  0.584901  0.935124  0.098767  0.123879\n",
      "10   0.50679  0.092574  0.467137  0.520065  0.893532\n",
      "9   0.914971  0.789282  0.145476  0.848722  0.417175\n",
      "8   0.912223  0.318095  0.642088  0.218615  0.062944\n",
      "7   0.775413  0.758329  0.029877  0.009524  0.413325\n",
      "6   0.492631  0.626381  0.278901  0.819354  0.550970\n",
      "5   0.411597  0.269021  0.953120  0.832790  0.071183\n",
      "4   0.805449  0.611760  0.133569  0.602085  0.378060\n",
      "3   0.158147  0.470671  0.097233  0.841984  0.488667\n",
      "2   0.460216  0.134341  0.657180  0.323804  0.486373\n",
      "1   0.922018  0.727851  0.510618  0.914093  0.965764\n",
      "0         19  0.264950  0.553606  0.909623  0.139856\n",
      "\n",
      "\n",
      "           4         3         2         1         0\n",
      "0   0.139856  0.909623  0.553606  0.264950        19\n",
      "1   0.965764  0.914093  0.510618  0.727851  0.922018\n",
      "2   0.486373  0.323804  0.657180  0.134341  0.460216\n",
      "3   0.488667  0.841984  0.097233  0.470671  0.158147\n",
      "4   0.378060  0.602085  0.133569  0.611760  0.805449\n",
      "5   0.071183  0.832790  0.953120  0.269021  0.411597\n",
      "6   0.550970  0.819354  0.278901  0.626381  0.492631\n",
      "7   0.413325  0.009524  0.029877  0.758329  0.775413\n",
      "8   0.062944  0.218615  0.642088  0.318095  0.912223\n",
      "9   0.417175  0.848722  0.145476  0.789282  0.914971\n",
      "10  0.893532  0.520065  0.467137  0.092574   0.50679\n",
      "11  0.123879  0.098767  0.935124  0.584901  0.828767\n",
      "12  0.968300  0.616889  0.976949  0.582306  0.810156\n",
      "13  0.504877  0.938024  0.276882  0.280437  0.595842\n",
      "14  0.792178  0.532650  0.682834  0.389194  0.615403\n",
      "15  0.222384  0.162520  0.667652  0.230257  0.895882\n",
      "16  0.997975  0.471022  0.849408  0.854876   0.65541\n",
      "17  0.757065  0.086507  0.461214  0.959428  0.092863\n",
      "18  0.129046  0.062682  0.452189  0.369706  0.372145\n",
      "19  0.999337  0.986134  0.065693  0.240286  0.556737\n",
      "20  0.841881  0.780515  0.706561  0.847007  0.133936\n",
      "21  0.923754  0.094657  0.547922  0.333107  0.725839\n",
      "22  0.101037  0.020233  0.946188  0.171260  0.830349\n",
      "23  0.504496  0.903869  0.007856  0.376440  0.235381\n",
      "24  0.855022  0.798517  0.477042  0.835572  0.723455\n",
      "25  0.664194  0.592318  0.046268  0.671836  0.623631\n",
      "26  0.815333  0.309277  0.109819  0.576438  0.666947\n",
      "27  0.200824  0.313011  0.462226  0.750084  0.530833\n",
      "28  0.523937  0.781722  0.901955  0.530377  0.323504\n",
      "29  0.876531  0.074267  0.819619  0.726035  0.002789\n",
      "\n",
      "\n"
     ]
    }
   ],
   "source": [
    "# simpliest way to make dataframe fastest \n",
    "newdf = pd.DataFrame(np.random.rand(30,5),index = np.arange(30))\n",
    "\n",
    "print(type(newdf))  # can make all these prints as f-string print as wellS\n",
    "print(\"\\n\")\n",
    "\n",
    "print(newdf.head())\n",
    "print(\"\\n\")\n",
    "\n",
    "print(newdf.describe())\n",
    "print(\"\\n\")\n",
    "\n",
    "print(newdf.dtypes)\n",
    "print(\"\\n\")\n",
    "\n",
    "print(newdf.head())\n",
    "print(\"\\n\")\n",
    "\n",
    "newdf[0][0] = \"hetvi\"\n",
    "print(newdf.head())\n",
    "print(\"\\n\")\n",
    "\n",
    "print(newdf.dtypes)\n",
    "print(\"\\n\")\n",
    "\n",
    "print(newdf.index)\n",
    "print(\"\\n\")\n",
    "\n",
    "print(newdf.columns)\n",
    "print(\"\\n\")\n",
    "\n",
    "print(newdf.to_numpy())\n",
    "print(\"\\n\")\n",
    "\n",
    "newdf[0][0] = 19\n",
    "print(newdf)\n",
    "print(\"\\n\")\n",
    "\n",
    "print(newdf.T)\n",
    "\n",
    "print(newdf.sort_index(axis=0,ascending = False))  # By default ascending is True but when it is false, it will be printed in reverse order of rows\n",
    "print(\"\\n\")\n",
    "print(newdf.sort_index(axis=1,ascending = False))  # By default ascending is True but when it is false, it will be printed in reverse order of cols\n",
    "print(\"\\n\")"
   ]
  },
  {
   "cell_type": "markdown",
   "id": "5025b4f2",
   "metadata": {},
   "source": [
    "# Slicing"
   ]
  },
  {
   "cell_type": "code",
   "execution_count": 14,
   "id": "de350bc7",
   "metadata": {},
   "outputs": [
    {
     "data": {
      "text/html": [
       "<div>\n",
       "<style scoped>\n",
       "    .dataframe tbody tr th:only-of-type {\n",
       "        vertical-align: middle;\n",
       "    }\n",
       "\n",
       "    .dataframe tbody tr th {\n",
       "        vertical-align: top;\n",
       "    }\n",
       "\n",
       "    .dataframe thead th {\n",
       "        text-align: right;\n",
       "    }\n",
       "</style>\n",
       "<table border=\"1\" class=\"dataframe\">\n",
       "  <thead>\n",
       "    <tr style=\"text-align: right;\">\n",
       "      <th></th>\n",
       "      <th>name</th>\n",
       "      <th>marks</th>\n",
       "      <th>city</th>\n",
       "    </tr>\n",
       "  </thead>\n",
       "  <tbody>\n",
       "    <tr>\n",
       "      <th>0</th>\n",
       "      <td>Hetvi</td>\n",
       "      <td>99</td>\n",
       "      <td>Newyork</td>\n",
       "    </tr>\n",
       "    <tr>\n",
       "      <th>1</th>\n",
       "      <td>Rajvi</td>\n",
       "      <td>99</td>\n",
       "      <td>Toronto</td>\n",
       "    </tr>\n",
       "    <tr>\n",
       "      <th>2</th>\n",
       "      <td>Misha</td>\n",
       "      <td>90</td>\n",
       "      <td>Waterloo</td>\n",
       "    </tr>\n",
       "    <tr>\n",
       "      <th>3</th>\n",
       "      <td>Reva</td>\n",
       "      <td>91</td>\n",
       "      <td>Calgary</td>\n",
       "    </tr>\n",
       "  </tbody>\n",
       "</table>\n",
       "</div>"
      ],
      "text/plain": [
       "    name  marks      city\n",
       "0  Hetvi     99   Newyork\n",
       "1  Rajvi     99   Toronto\n",
       "2  Misha     90  Waterloo\n",
       "3   Reva     91   Calgary"
      ]
     },
     "execution_count": 14,
     "metadata": {},
     "output_type": "execute_result"
    }
   ],
   "source": [
    "df"
   ]
  },
  {
   "cell_type": "code",
   "execution_count": 15,
   "id": "352dfd18",
   "metadata": {},
   "outputs": [
    {
     "data": {
      "text/plain": [
       "0    Hetvi\n",
       "1    Rajvi\n",
       "2    Misha\n",
       "3     Reva\n",
       "Name: name, dtype: object"
      ]
     },
     "execution_count": 15,
     "metadata": {},
     "output_type": "execute_result"
    }
   ],
   "source": [
    "df['name']"
   ]
  },
  {
   "cell_type": "code",
   "execution_count": 16,
   "id": "190c76df",
   "metadata": {},
   "outputs": [
    {
     "name": "stdout",
     "output_type": "stream",
     "text": [
      "    name  marks     city\n",
      "0  Hetvi     99  Newyork\n",
      "1  Rajvi     99  Toronto\n"
     ]
    }
   ],
   "source": [
    "print(df[0:2])  # to slice rows\n",
    "\n",
    "# df[0:2,0:3]  # error we can't slice columns like this in pandas,\n",
    "\n",
    "# we need to use : df.loc[rows][cols] or df.loc[rowstart:rowend][colstart:colend]  or df.loc[\"row_name\",\"col_name\"]\n",
    "    "
   ]
  },
  {
   "cell_type": "code",
   "execution_count": 17,
   "id": "2e351516",
   "metadata": {},
   "outputs": [
    {
     "name": "stdout",
     "output_type": "stream",
     "text": [
      "0    Hetvi\n",
      "1    Rajvi\n",
      "Name: name, dtype: object\n"
     ]
    }
   ],
   "source": [
    "print(df[0:2][\"name\"])  # or if we want particular col only one col"
   ]
  },
  {
   "cell_type": "code",
   "execution_count": 18,
   "id": "a812e5e3",
   "metadata": {},
   "outputs": [],
   "source": [
    "## slicing errors\n",
    "\n",
    "# df[0][1]  ---------> Error\n",
    "# df[0,1] # ---------> Error\n"
   ]
  },
  {
   "cell_type": "code",
   "execution_count": 19,
   "id": "27ff331b",
   "metadata": {},
   "outputs": [
    {
     "name": "stdout",
     "output_type": "stream",
     "text": [
      "99\n",
      "    name  marks      city\n",
      "0  Hetvi     99   Newyork\n",
      "1  Rajvi     99   Toronto\n",
      "2  Misha     90  Waterloo\n",
      "Hetvi\n"
     ]
    }
   ],
   "source": [
    "# slicing using \"loc\"   { all ways or all syntaxs needed to slice df}\n",
    "\n",
    "print(df.loc[0][1])    # df.loc[rows][cols]\n",
    "\n",
    "print(df.loc[0:3][0:3])     # df.loc[rowstart:rowend][colstart:colend]\n",
    "\n",
    "print(df.loc[0,\"name\"] )    # df.loc[\"row_name\",\"col_name\"] or\n",
    "                            # df.loc[row_no,\"col_name\"] or\n",
    "                            # df.loc[\"row_name\",col_no]\n",
    "                            # df.loc[row_no,col_no]"
   ]
  },
  {
   "cell_type": "markdown",
   "id": "5bf3cd4b",
   "metadata": {},
   "source": [
    "# to_csv"
   ]
  },
  {
   "cell_type": "code",
   "execution_count": 20,
   "id": "dc580d83",
   "metadata": {},
   "outputs": [],
   "source": [
    "df.to_csv(\"Friends.csv\")"
   ]
  },
  {
   "cell_type": "code",
   "execution_count": 21,
   "id": "e19cd039",
   "metadata": {},
   "outputs": [],
   "source": [
    "df.to_csv(\"Friends_no_index.csv\",index=False)"
   ]
  },
  {
   "cell_type": "code",
   "execution_count": 22,
   "id": "be318e4e",
   "metadata": {},
   "outputs": [
    {
     "data": {
      "text/html": [
       "<div>\n",
       "<style scoped>\n",
       "    .dataframe tbody tr th:only-of-type {\n",
       "        vertical-align: middle;\n",
       "    }\n",
       "\n",
       "    .dataframe tbody tr th {\n",
       "        vertical-align: top;\n",
       "    }\n",
       "\n",
       "    .dataframe thead th {\n",
       "        text-align: right;\n",
       "    }\n",
       "</style>\n",
       "<table border=\"1\" class=\"dataframe\">\n",
       "  <thead>\n",
       "    <tr style=\"text-align: right;\">\n",
       "      <th></th>\n",
       "      <th>name</th>\n",
       "      <th>marks</th>\n",
       "      <th>city</th>\n",
       "    </tr>\n",
       "  </thead>\n",
       "  <tbody>\n",
       "    <tr>\n",
       "      <th>0</th>\n",
       "      <td>Hetvi</td>\n",
       "      <td>99</td>\n",
       "      <td>Newyork</td>\n",
       "    </tr>\n",
       "    <tr>\n",
       "      <th>1</th>\n",
       "      <td>Rajvi</td>\n",
       "      <td>99</td>\n",
       "      <td>Toronto</td>\n",
       "    </tr>\n",
       "  </tbody>\n",
       "</table>\n",
       "</div>"
      ],
      "text/plain": [
       "    name  marks     city\n",
       "0  Hetvi     99  Newyork\n",
       "1  Rajvi     99  Toronto"
      ]
     },
     "execution_count": 22,
     "metadata": {},
     "output_type": "execute_result"
    }
   ],
   "source": [
    "df.head(2)   # to see starting 2 rows"
   ]
  },
  {
   "cell_type": "code",
   "execution_count": 23,
   "id": "659f9072",
   "metadata": {},
   "outputs": [
    {
     "data": {
      "text/html": [
       "<div>\n",
       "<style scoped>\n",
       "    .dataframe tbody tr th:only-of-type {\n",
       "        vertical-align: middle;\n",
       "    }\n",
       "\n",
       "    .dataframe tbody tr th {\n",
       "        vertical-align: top;\n",
       "    }\n",
       "\n",
       "    .dataframe thead th {\n",
       "        text-align: right;\n",
       "    }\n",
       "</style>\n",
       "<table border=\"1\" class=\"dataframe\">\n",
       "  <thead>\n",
       "    <tr style=\"text-align: right;\">\n",
       "      <th></th>\n",
       "      <th>name</th>\n",
       "      <th>marks</th>\n",
       "      <th>city</th>\n",
       "    </tr>\n",
       "  </thead>\n",
       "  <tbody>\n",
       "    <tr>\n",
       "      <th>2</th>\n",
       "      <td>Misha</td>\n",
       "      <td>90</td>\n",
       "      <td>Waterloo</td>\n",
       "    </tr>\n",
       "    <tr>\n",
       "      <th>3</th>\n",
       "      <td>Reva</td>\n",
       "      <td>91</td>\n",
       "      <td>Calgary</td>\n",
       "    </tr>\n",
       "  </tbody>\n",
       "</table>\n",
       "</div>"
      ],
      "text/plain": [
       "    name  marks      city\n",
       "2  Misha     90  Waterloo\n",
       "3   Reva     91   Calgary"
      ]
     },
     "execution_count": 23,
     "metadata": {},
     "output_type": "execute_result"
    }
   ],
   "source": [
    "df.tail(2)  # to see ending two rows"
   ]
  },
  {
   "cell_type": "code",
   "execution_count": 24,
   "id": "d7960484",
   "metadata": {},
   "outputs": [
    {
     "data": {
      "text/html": [
       "<div>\n",
       "<style scoped>\n",
       "    .dataframe tbody tr th:only-of-type {\n",
       "        vertical-align: middle;\n",
       "    }\n",
       "\n",
       "    .dataframe tbody tr th {\n",
       "        vertical-align: top;\n",
       "    }\n",
       "\n",
       "    .dataframe thead th {\n",
       "        text-align: right;\n",
       "    }\n",
       "</style>\n",
       "<table border=\"1\" class=\"dataframe\">\n",
       "  <thead>\n",
       "    <tr style=\"text-align: right;\">\n",
       "      <th></th>\n",
       "      <th>name</th>\n",
       "      <th>marks</th>\n",
       "      <th>city</th>\n",
       "    </tr>\n",
       "  </thead>\n",
       "  <tbody>\n",
       "    <tr>\n",
       "      <th>first</th>\n",
       "      <td>Hetvi</td>\n",
       "      <td>99</td>\n",
       "      <td>Newyork</td>\n",
       "    </tr>\n",
       "    <tr>\n",
       "      <th>second</th>\n",
       "      <td>Rajvi</td>\n",
       "      <td>99</td>\n",
       "      <td>Toronto</td>\n",
       "    </tr>\n",
       "    <tr>\n",
       "      <th>third</th>\n",
       "      <td>Misha</td>\n",
       "      <td>90</td>\n",
       "      <td>Waterloo</td>\n",
       "    </tr>\n",
       "    <tr>\n",
       "      <th>fourth</th>\n",
       "      <td>Reva</td>\n",
       "      <td>91</td>\n",
       "      <td>Calgary</td>\n",
       "    </tr>\n",
       "  </tbody>\n",
       "</table>\n",
       "</div>"
      ],
      "text/plain": [
       "         name  marks      city\n",
       "first   Hetvi     99   Newyork\n",
       "second  Rajvi     99   Toronto\n",
       "third   Misha     90  Waterloo\n",
       "fourth   Reva     91   Calgary"
      ]
     },
     "execution_count": 24,
     "metadata": {},
     "output_type": "execute_result"
    }
   ],
   "source": [
    "df.index = ['first','second','third','fourth']   # to change index \n",
    "df"
   ]
  },
  {
   "cell_type": "code",
   "execution_count": 25,
   "id": "5aa3569e",
   "metadata": {},
   "outputs": [],
   "source": [
    "# h = pd.read_csv('h.csv')\n",
    "# h['speed'][0] = 50\n",
    "# harry\n",
    "# h.to_csv('h.csv')"
   ]
  },
  {
   "cell_type": "code",
   "execution_count": 26,
   "id": "e3fdffd8",
   "metadata": {},
   "outputs": [
    {
     "name": "stdout",
     "output_type": "stream",
     "text": [
      "<class 'pandas.core.series.Series'>\n",
      "0    0.940366\n",
      "1    0.883575\n",
      "2    0.932718\n",
      "3    0.993705\n",
      "4    0.977707\n",
      "dtype: float64\n"
     ]
    }
   ],
   "source": [
    "ser = pd.Series(np.random.rand(19))\n",
    "print(type(ser))\n",
    "print(ser.head())"
   ]
  },
  {
   "cell_type": "code",
   "execution_count": 27,
